-1.6265440502647124
-0.2087578442659126
-0.6609555074883868
-0.8543927002232339
-2.1045634520202707
-1.9994138064548848
-2.1953537552718583
-2.352349533418539
-1.9754369446437705
-2.0445151207603063
-0.7937693438215181
-1.608926565953885
-1.3954405497891544
-2.657395047786159
-1.5430902456044215
-2.03217669402947
-2.370161714601375
-1.9878846841284084
-0.7673040620271365
-0.4942631504756818
-1.0532553684889212
-1.1597428566916168
-0.5002236998139509
-2.549937975485605
-1.8530602099302476
-0.3742677893601911
-2.084996679914532
-1.7628388178958971
-0.6320040720793063
-2.8326392040059716
-2.1225519883015753
-1.408154561227609
-2.47092783440927
-0.9424607258789095
-2.388419685211243
-2.3411491399471576
-0.9937763700961586
-2.560329749733821
-1.6757881281967801
-1.6067977606857564
-1.9533305220838404
-1.5958887273411957
-0.38225953199935603
-1.0174930211717257
-2.7252095389532363
-2.880696758932439
-2.5654261274658445
-1.6991064254665398
-3.096931511228478
-2.1358562042805724
-1.0037924542242642
-1.5003170188825248
-3.1548993161414716
-1.0779153559519337
-1.8252162381580552
-1.17499277644081
-2.2084575821042973
-0.8882476085046864
-0.8291721291298195
-1.909269523658149
-1.9592297740582367
-2.526272238643487
-2.2788746022768134
-1.6235162872681066
-2.623188378020192
-1.257794288602998
-1.9671473063033051
-1.0355728446707673
-1.8476751073836937
-2.3333274276569655
-1.519999006841596
-1.605986611562793
-1.9564771376647405
-2.182564584726883
-2.141652310131925
-1.3551644395810811
-2.3061095006724655
-2.2207786157740177
-0.32485115117935415
-1.5270240115201759
-0.7413541419042513
-0.942676189011765
-1.164542603672241
-1.32150433358413
-0.707175195623579
-1.3343676091107097
-1.5341366139792871
-1.9593713430344737
-1.3554279708101156
-1.715466444164913
-1.8592718518235385
-2.314407730130995
-1.5294829687120384