-22.99361985813292
-23.249723769124877
-22.551175630639136
-22.67300221097065
-22.45697192679047
-21.547638663353137
-22.055605654225324
-22.553425162857422
-22.415824024805957
-21.89741889043933
-22.801245514844958
-23.15163788379944
-22.699647339652284
-22.01712141894726
-22.114634028319475
-22.12267373776
-22.69882384409124
-22.15763848393001
-22.901989674266122
-23.147728855902248
-23.0536621347629
-22.39782962166067
-22.559346758985903
-22.566855307234217
-22.102172018618788
-23.595957211753024
-22.56144897395302
-22.55455305016456
-23.21184539780416
-21.511699697406247
-22.747686707629807
-22.946018073878783
-23.084534548124612
-23.259059283854008
-22.28850740708663
-22.40981337488691
-23.425278233366875
-22.258292039255796
-22.647546576609216
-22.350081260384734
-22.071155272497073
-22.629266280374807
-22.435985945956926
-22.737736186777347
-22.36998398964173
-21.550089516959705
-22.045419632910654
-22.547486534787968
-21.73494081613469
-22.060994114427384
-22.66531089393258
-22.334161982148427
-21.690302117725274
-22.772897119594344
-22.637270571629916
-22.607303137685264
-22.67930869649223
-22.76785211398128
-23.001314541782442
-22.918420164509282
-22.464589022728486
-22.21222083161509
-22.594997996595726
-22.70093133956536
-22.246674288494628
-22.746580083998715
-22.655010423372804
-23.429312646128704
-22.415336495326386
-22.383990147402383
-22.748208512639856
-22.30761760804393
-21.700291624728933
-22.360782510189832
-22.669015370536872
-22.251452732269524
-22.430765537251954
-22.102617340277888
-23.050618770717534
-23.099173997781747
-23.160312893738542
-22.745775990924407
-22.875133022243503
-23.381830287639286
-22.856911115882333
-22.59557765824004
-22.639573854336508
-22.379667429005384
-22.796163165209666
-22.926449009051353
-22.537696979221966
-21.907948649639067
-22.298197772380398