10.611735094911296
10.668703404931938
10.34487412244628
11.293340039853659
10.752090331954577
10.562181315078867
11.136166018242546
10.989584510852154
10.044276330043543
10.770279751503494
10.081943125317029
11.041847180894058
11.266055782058809
9.634625757395332
11.167383286099966
11.019156727012625
10.5160958170455
10.487692948242776
10.791163283748219
10.83339271377901
11.464571827698949
10.138097664078977
10.299033286805948
10.583407516980705
10.255571031332618
10.909319803006884
10.19383860375352
10.412925580894505
11.159124243735194
10.64825356603083
10.85248534049747
11.455573975533582
9.891360120734785
11.538419471057896
10.899410817970256
9.87053749055709
11.705094408656363
11.16254077788329
11.276563799932148
10.819453275331385
10.699987697839786
10.634519981914513
10.123723300485121
11.520774131496161
10.462089466273577
10.637537648370905
10.146014405730357
10.584572354660294
10.54594794948917
10.257360803674596
11.414771277223656
11.050061317537402
10.982091342945198
11.132307121396929
11.651852377508003
10.72098649864409
10.867051120617184
11.401537740320288
11.149520585980525
11.258408263911008
10.548398473681704
10.641121462260774
10.985148634616015
11.039942719761205
9.87079055959633
10.93467018958372
10.150473485891213
10.838280875486973
9.693115802144902
9.730168767303162
10.429631932334074
10.114703522521499
10.301893760178363
10.580698468652491
11.146645262623352
11.195519777536385
10.630766898622097
10.132303877302437
11.128735192765493
11.369260857038283
11.573277748140768
11.018053894937086
11.493484155073642
11.097284558945876
10.621271156905717
11.197462477050571
10.000820452025955
10.815883837275946
10.913519041375913
11.292029657170414
10.930441798072481
10.654564058488132
11.0388627094901