0.018138222019397965
-0.16485006289677973
1.1200557914866804
-0.936128070445243
-0.9920443374464605
-0.3725347025855781
-1.0798531537852596
-0.8163809557475039
-0.5810227962854526
-0.48906136025204194
0.23895789063815354
-0.30879387715689344
-0.7396837755621473
-0.2607133423072536
-0.40489718081077086
-0.9922267010569517
-0.04662257467813724
0.009967699794455775
-0.3581049974336272
-0.22903035300299912
-0.4732604494091861
0.5403141786242944
1.5270107295462347
-0.42707596904619294
-0.5011272956920587
-0.2557307046536792
0.6970126935446244
0.11221939784665658
-0.32459573671217434
-0.6535102232057444
-0.1465075514686376
-0.3781523450886306
0.8232245455280198
-0.560216373278343
-0.4778620209055795
-1.2216637354525974
-0.6320444450635931
-0.6948889480760911
-0.5029972078807852
-0.6424590938224881
-0.10372736752229361
-0.20894558391347307
2.238650882077076
-0.9436989010053964
-0.5994137974597367
-1.269730566678327
-0.39105177709983163
-0.7332439156245112
-0.6588021411097102
-1.2266002024348435
-0.9481133653291747
-0.18745798538556002
-0.30923724209661874
0.1595623614924806
-0.6938685551572745
-1.211003791825719
-0.5393092813417422
-0.9154651138392205
-0.6518998365713689
-0.9370178572869503
-1.1284295489954488
-0.8863293119823084
-0.6886314517489458
-0.8137673584304448
-0.21882737252726336
-0.5328054360216976
-0.10070234525046828
-0.3647701238658385
0.11695252413258306
-0.7538942227315415
0.08035625859423678
-0.40178002802127644
-0.2661088806904761
0.033876517842236
-0.7219601408722651
-0.48651965425426447
-0.33864975174401657
-0.025956666522347405
-1.0357606370245773
-0.36494911427659904
-0.8528512533583723
-0.5472400955607544
-0.832790623729426
-0.3938871622992446
-0.7980831392158056
-0.8720067059218364
0.3759317255403083
-0.712805698450607
-0.3546327099598878
-0.9173964815105569
-0.5289808600009867
-0.6615801819136857
-0.700059430789719