-13.97230362978473
-13.684126314560988
-12.57187198298955
-14.371191415743931
-13.988351945392473
-13.140090152623447
-14.011643701567445
-14.528140568627915
-13.92562048904188
-13.514200607251626
-13.486824452823074
-14.517355065546964
-14.4704310836139
-13.12241558744841
-13.847270447576307
-14.12539614972106
-13.733409263349337
-13.51250526473729
-14.109865020738578
-14.201891074629346
-14.55651738078037
-13.303723228304554
-12.433244489625212
-14.21722107493076
-13.630952234940034
-14.495838445642452
-13.193111226012823
-13.68134162618176
-14.459040684126386
-13.368737963694382
-14.055909735730559
-14.417066273265934
-13.568264822893164
-14.690066390183134
-13.638850463522576
-13.942209615202493
-14.784792057984117
-14.279293048498374
-14.608424982020834
-13.90304356250949
-13.86631868904752
-13.736947595866747
-12.138978456649959
-14.233236309133908
-13.85528360212783
-13.706614857403014
-13.621000162547462
-14.020926219548764
-13.60422560922582
-13.809319045163749
-14.340828612484641
-14.032278877246604
-13.736148209295484
-13.975401393264049
-14.522448287492521
-14.135093998478197
-14.010810296563067
-14.205460223006316
-14.773124845293628
-14.415571794254369
-14.092445283673737
-14.131159523346698
-14.362712934218884
-14.420116693359956
-13.770906463100378
-14.056187069407713
-13.86680448251512
-14.750905341483321
-13.28004456525565
-13.616004097977768
-13.568163528077005
-13.899736306784076
-13.346913190135483
-13.776513650001919
-14.3595850095904
-13.885447445897482
-13.510930441642275
-13.324214757846093
-14.665160027374098
-14.831241347702605
-14.870371347419052
-14.15037986388703
-14.835176382837965
-14.617780564653053
-14.2533672357182
-14.262436979202848
-13.418405220074032
-13.821073106217835
-13.90695375514266
-14.93438888063822
-13.882926609925974
-13.664916014560482
-13.684839309830629