-5.484507053206885
-5.765582926519066
-6.943613058493219
-4.813417926662243
-5.244759939244025
-5.847100303708421
-5.224604754610102
-4.629777876310421
-4.909602924997119
-5.626719678117234
-5.558661789507022
-5.018087242028445
-4.746262579805223
-5.855419562959028
-5.392440626331828
-4.9440463512192485
-5.766831221244749
-5.623038252260136
-5.024238904214009
-5.045536444019545
-4.961289832009832
-5.68938308246914
-7.256084461245024
-5.0704898998592105
-5.253763009327727
-4.90994013955779
-6.270593302164682
-5.576015637176324
-4.938438933727883
-5.755183351746472
-5.4159643725477435
-5.175962792830128
-5.931641754457177
-4.896754512631858
-5.870319618648557
-4.783248449912572
-4.929515239250366
-5.045711639580606
-4.649854634050584
-5.315456302519316
-5.1106818908989755
-5.5682913260283815
-7.587137661780935
-5.221516695668292
-5.343182317713392
-5.279582639610979
-5.405220309752557
-5.10927336918604
-5.503400450316198
-4.934466885631405
-4.936026147207349
-5.140626944454002
-5.58751635083631
-5.470978624858226
-5.038029809666783
-4.906756155248612
-5.360904898278356
-5.232578260888218
-4.3585518516270705
-5.083814671274071
-4.9858776119160915
-4.889885940090832
-4.921999328598343
-4.771204018620844
-5.235526437453656
-5.231153716476557
-5.249003529918899
-4.433725715896125
-5.58040048058996
-5.184935293291263
-5.742492847293647
-4.807801970759058
-5.489221521481793
-5.51131555807396
-5.04775063340588
-5.3854528322627875
-6.007559409267055
-5.746558185445203
-4.288396992321196
-4.5498429514451635
-4.54514851154366
-5.0642094236088955
-4.44169985464919
-4.899540881022672
-4.640230789803772
-4.997207768164648
-5.719321600449687
-5.452008382042527
-5.515010265905003
-4.27820571263203
-5.451404790115551
-5.379780059026622
-5.646402298551256