10.394194624434768
10.430509122383032
10.648012988371848
10.148609766686368
9.658426237754856
10.029441366567585
9.687648688679875
9.975338457953344
10.464903531796562
10.005405631879905
10.902193127980144
10.341257103621556
10.12730184375041
10.244456601748151
10.14804665315617
9.869133106284451
10.020810455285524
10.311920912618088
10.441042202076256
10.65572148764605
10.180036761754739
10.922983317463546
11.098803658362517
10.344187201944685
10.345263674309038
10.702929154358886
10.469923116528445
10.555419077388759
10.544093295758605
9.870130677398834
10.118119256193488
10.103499123375439
10.503377246516784
10.179235943055954
9.665533833120614
9.975549441055307
9.879840854476276
9.820811440360247
10.328972015611477
10.264802688404385
10.440926775397939
10.159622684041414
11.64587208968068
9.721243438932024
9.749916321832018
9.67400182939689
10.342631893337177
10.137630897566115
9.753573819053521
9.883079495162356
9.898650923010969
10.347857823021394
9.84817525823314
10.408496095290673
9.831059115732426
10.103315547521294
9.598225427325774
9.89781937657088
10.724929479246006
9.520141387694506
10.06536093661602
9.907441850455301
9.871530344462473
9.990912573820493
10.827308199350602
10.205315731368508
10.575636349980241
10.606654818937367
10.524899947404407
10.046065127319974
10.249597674376618
10.672362114397094
10.446028845404511
10.326725359177724
9.783185979960033
10.127003473692898
9.737479808777735
10.38466122410576
10.316079488118476
10.212797804610723
10.305927738113665
10.338026474284842
10.318602588811485
10.240596712542748
10.448661364263812
10.05053377366444
10.745012087379456
9.760832734050991
10.073930497827963
10.111079810003558
9.756159165822828
9.88825429978814
9.810656264449458