-9.177132987541018
-9.740256215688088
-7.946415584008744
-9.640263296506177
-9.526669319768885
-8.077177460780133
-9.043351569947369
-9.361958928423489
-9.182168542265384
-8.46617443218095
-8.989003946233849
-9.477853849027715
-9.499232451039303
-8.575747344013164
-8.553353619707343
-9.148089316201776
-8.872889451409591
-8.330310169165514
-9.511884479932688
-9.658280610397691
-9.532824460566673
-8.24265767955178
-7.563839287472088
-9.03055217439071
-8.792936501008269
-10.117985856685355
-8.202180442309707
-8.666008160319379
-9.64251585603946
-8.20296397335987
-9.009047604451645
-9.287124703202412
-8.561950851698334
-9.818877384670369
-8.804448704629841
-9.827179672509828
-10.01902935312098
-8.880192955891015
-9.155957093750805
-9.048526690810629
-8.333308627489453
-9.019853755204391
-6.775323702232574
-9.662400763044886
-9.028668347753088
-8.774764757816541
-8.575385357516964
-9.404996951324321
-8.420429416495491
-9.466006222857832
-9.669666108204344
-8.595231788962952
-7.857472213022712
-8.778555285602462
-9.161224872194193
-9.933028782663314
-9.285947878146043
-9.673362080985289
-9.747459262065005
-9.854099809205522
-9.670164603877183
-9.180722388292942
-9.243933305126285
-9.574065095073006
-8.66450666478884
-9.441568866577104
-9.011812890344135
-9.977609306553921
-8.677393025651082
-9.457032246621814
-8.958369494983671
-8.958922594327166
-8.180834201933047
-8.455550012563744
-9.390991320626128
-8.794055770844217
-8.861290387894933
-8.366909070016153
-10.244105472738587
-9.487676290408729
-9.999662548511832
-9.455832125404797
-9.678425042957471
-9.85780453122327
-9.840164277814253
-9.502866546687667
-8.622178911256498
-9.182277749606694
-9.299507719417203
-9.854622128101466
-9.111824151299588
-8.623584903069634
-9.083042640826989