Scale Factor	TAR (%)	FAR (%)
1.00	87.00	5.00
1.01	88.00	5.00
1.02	88.00	5.00
1.03	88.00	5.00
1.04	88.00	5.00
1.05	88.00	5.00
1.06	88.00	5.00
1.07	88.00	5.00
1.08	88.00	7.00
1.09	88.00	7.00
1.10	88.00	7.00
1.11	89.00	7.00
1.12	89.00	7.00
1.13	89.00	7.00
1.14	91.00	7.00
1.15	91.00	7.00
1.16	92.00	7.00
1.17	92.00	7.00
1.18	92.00	7.00
1.19	94.00	7.00
1.20	94.00	7.00
1.21	94.00	7.00
1.22	94.00	7.00
1.23	94.00	7.00
1.24	94.00	7.00
1.25	94.00	7.00
1.26	94.00	7.00
1.27	94.00	7.00
1.28	94.00	7.00
1.29	94.00	7.00
1.30	94.00	7.00
1.31	94.00	7.00
1.32	95.00	7.00
1.33	95.00	7.00
1.34	95.00	7.00
1.35	95.00	7.00
1.36	95.00	7.00
1.37	96.00	7.00
1.38	96.00	7.00
1.39	96.00	7.00
1.40	96.00	8.00
1.41	96.00	8.00
1.42	96.00	11.00
1.43	96.00	11.00
1.44	96.00	11.00
1.45	96.00	11.00
1.46	96.00	11.00
1.47	96.00	11.00
1.48	96.00	11.00
1.49	96.00	11.00
1.50	96.00	15.00
1.51	96.00	15.00
1.52	96.00	15.00
1.53	96.00	16.00
1.54	96.00	16.00
1.55	96.00	16.00
1.56	96.00	16.00
1.57	96.00	16.00
1.58	96.00	16.00
1.59	96.00	16.00
1.60	96.00	16.00
1.61	96.00	16.00
1.62	96.00	16.00
1.63	96.00	16.00
1.64	96.00	16.00
1.65	96.00	16.00
1.66	96.00	16.00
1.67	96.00	16.00
1.68	96.00	18.00
1.69	96.00	18.00
1.70	96.00	18.00
1.71	96.00	18.00
1.72	96.00	18.00
1.73	96.00	18.00
1.74	96.00	18.00
1.75	97.00	18.00
1.76	97.00	18.00
1.77	97.00	19.00
1.78	97.00	19.00
1.79	97.00	19.00
1.80	97.00	19.00
1.81	97.00	19.00
1.82	97.00	19.00
1.83	97.00	21.00
1.84	97.00	21.00
1.85	97.00	21.00
1.86	97.00	22.00
1.87	99.00	22.00
1.88	99.00	22.00
1.89	99.00	22.00
1.90	99.00	22.00
1.91	99.00	22.00
1.92	99.00	22.00
1.93	99.00	22.00
1.94	99.00	22.00
1.95	99.00	22.00
1.96	99.00	22.00
1.97	99.00	22.00
1.98	99.00	22.00
1.99	99.00	22.00
