Scale Factor	TAR (%)	FAR (%)
1.00	96.67	8.89
1.01	96.67	8.89
1.02	96.67	8.89
1.03	96.67	8.89
1.04	96.67	8.89
1.05	96.67	8.89
1.06	96.67	8.89
1.07	96.67	8.89
1.08	96.67	8.89
1.09	96.67	8.89
1.10	96.67	8.89
1.11	96.67	8.89
1.12	96.67	8.89
1.13	96.67	8.89
1.14	96.67	8.89
1.15	96.67	8.89
1.16	96.67	8.89
1.17	96.67	8.89
1.18	96.67	8.89
1.19	96.67	8.89
1.20	96.67	8.89
1.21	96.67	8.89
1.22	96.67	8.89
1.23	96.67	8.89
1.24	97.78	8.89
1.25	97.78	8.89
1.26	97.78	8.89
1.27	97.78	8.89
1.28	97.78	8.89
1.29	97.78	8.89
1.30	98.89	8.89
1.31	98.89	8.89
1.32	98.89	8.89
1.33	98.89	8.89
1.34	98.89	8.89
1.35	98.89	8.89
1.36	98.89	8.89
1.37	98.89	8.89
1.38	98.89	8.89
1.39	98.89	11.11
1.40	98.89	11.11
1.41	98.89	15.56
1.42	98.89	15.56
1.43	98.89	15.56
1.44	98.89	15.56
1.45	98.89	15.56
1.46	98.89	15.56
1.47	98.89	15.56
1.48	98.89	15.56
1.49	98.89	15.56
1.50	98.89	15.56
1.51	98.89	15.56
1.52	98.89	15.56
1.53	98.89	15.56
1.54	98.89	15.56
1.55	98.89	15.56
1.56	98.89	15.56
1.57	98.89	15.56
1.58	98.89	15.56
1.59	98.89	15.56
1.60	98.89	15.56
1.61	98.89	15.56
1.62	98.89	15.56
1.63	98.89	15.56
1.64	98.89	15.56
1.65	98.89	15.56
1.66	98.89	15.56
1.67	98.89	15.56
1.68	98.89	15.56
1.69	98.89	15.56
1.70	98.89	15.56
1.71	98.89	15.56
1.72	98.89	15.56
1.73	98.89	17.78
1.74	98.89	17.78
1.75	98.89	17.78
1.76	98.89	17.78
1.77	98.89	17.78
1.78	98.89	17.78
1.79	98.89	17.78
1.80	98.89	17.78
1.81	98.89	18.89
1.82	98.89	18.89
1.83	98.89	18.89
1.84	98.89	18.89
1.85	98.89	18.89
1.86	98.89	18.89
1.87	98.89	23.33
1.88	98.89	23.33
1.89	98.89	23.33
1.90	98.89	23.33
1.91	98.89	25.56
1.92	98.89	25.56
1.93	98.89	25.56
1.94	98.89	25.56
1.95	98.89	25.56
1.96	98.89	25.56
1.97	98.89	25.56
1.98	98.89	25.56
1.99	98.89	27.78
